500 10
4 7 3 3 7 10 10 6 3 10 
5 7 7
12 14 9
23 2 8
18 19 8
18 19 1
0 3 1
5 6 8
23 0 6
4 6 2
6 8 9
8 11 5
6 8 7
18 21 1
2 2 4
19 20 10
9 11 1
13 16 4
9 10 4
3 5 2
2 4 2
13 15 7
21 23 9
8 9 6
2 3 3
0 3 7
9 14 3
23 23 6
11 14 2
3 4 3
19 20 10
1 2 2
11 14 4
3 5 10
9 12 9
10 12 9
12 12 9
16 17 7
1 2 10
10 13 2
0 2 9
9 12 6
20 23 9
15 16 4
8 11 4
6 6 1
9 10 1
5 7 2
13 14 3
4 8 9
15 16 4
19 20 6
15 16 3
6 8 6
16 18 6
21 1 6
22 1 4
2 5 8
16 18 9
13 15 4
7 11 4
6 7 1
0 3 6
23 0 10
16 17 7
19 21 7
4 5 6
19 21 2
12 15 5
18 19 10
22 0 8
15 18 4
16 17 8
2 1 8
17 19 8
11 13 9
8 10 2
6 10 7
14 17 7
18 20 10
9 11 4
10 12 6
11 12 7
3 5 9
7 9 1
15 18 10
19 20 5
15 16 1
13 15 6
9 11 10
7 9 2
23 1 1
17 19 6
6 8 9
15 15 4
5 8 7
16 19 2
20 21 9
22 1 4
6 8 7
1 3 2
19 21 10
3 6 6
18 21 7
22 0 5
5 6 9
21 21 7
7 10 4
10 11 6
14 15 8
13 15 3
14 15 3
11 12 2
19 21 3
8 9 9
21 0 8
9 9 1
16 19 5
3 3 3
7 10 7
7 10 6
17 19 3
19 0 5
20 23 2
5 7 1
20 23 10
1 1 1
14 14 6
8 10 1
16 18 10
6 8 3
14 15 9
4 4 6
7 10 3
18 21 7
14 14 8
6 6 5
12 13 1
15 16 5
0 2 3
5 7 10
4 7 10
0 2 3
23 2 8
18 20 5
15 16 6
6 7 10
7 11 3
15 17 8
16 20 8
19 20 4
17 18 1
14 16 7
4 5 2
8 10 10
7 9 1
6 9 1
12 13 1
5 8 8
13 15 3
22 1 6
3 5 7
22 1 1
2 4 8
1 4 10
9 10 6
21 22 3
18 20 2
7 10 5
14 16 10
18 20 4
14 18 5
6 10 3
3 5 3
19 21 1
23 1 9
0 0 10
2 3 1
2 5 4
22 1 1
1 1 4
12 16 10
7 9 6
9 11 1
5 8 9
16 18 8
8 9 2
8 10 8
21 0 4
20 21 3
3 5 4
10 11 7
23 0 10
22 0 4
11 14 10
21 23 6
19 21 2
23 1 6
7 12 3
2 3 1
3 5 9
5 8 2
9 12 1
19 21 10
23 0 8
7 9 6
4 5 7
18 20 2
12 15 3
22 1 5
9 13 8
6 9 6
18 20 6
14 15 1
22 23 4
17 18 7
21 22 3
10 12 2
14 16 6
2 5 9
19 21 7
18 20 2
8 10 5
5 7 5
17 19 7
11 13 4
10 12 7
21 23 4
5 7 8
10 12 9
13 15 10
11 14 6
10 11 10
17 19 2
10 11 9
15 17 3
4 5 5
21 23 5
13 15 7
0 4 9
22 1 8
15 16 9
4 6 2
11 13 9
21 23 8
20 1 7
20 0 3
3 5 7
14 16 10
18 20 2
20 21 8
8 8 9
11 11 8
18 20 6
7 10 7
10 14 8
9 12 7
14 17 3
8 9 1
17 20 4
21 23 8
18 18 9
4 6 6
11 13 7
8 9 10
5 9 7
5 8 3
14 16 9
0 3 3
10 10 6
0 0 4
7 9 7
16 18 1
3 5 6
3 4 6
20 22 1
13 15 1
17 19 3
14 15 4
12 14 2
20 0 1
7 7 10
12 14 7
13 16 7
13 16 5
18 20 10
2 4 4
5 7 9
23 2 7
12 14 8
20 23 7
17 19 2
19 21 8
1 1 5
5 7 2
0 1 10
7 8 7
13 16 2
4 6 9
18 19 8
13 14 3
7 9 8
11 12 9
1 2 6
9 11 6
10 13 5
3 6 6
2 5 2
8 9 3
9 11 9
13 15 8
1 3 2
7 9 10
13 16 3
8 10 4
2 5 3
1 2 10
11 13 7
20 0 4
17 20 4
13 15 1
15 18 8
13 16 8
10 14 3
4 6 7
19 23 3
14 16 2
9 11 6
1 2 2
7 8 6
23 2 2
22 0 10
16 17 7
10 11 9
3 4 2
5 9 7
9 12 2
0 0 3
19 22 4
8 10 6
15 16 5
8 10 6
20 23 6
20 21 1
16 19 6
7 11 5
12 14 10
17 18 2
8 9 2
14 14 10
2 3 5
10 11 8
17 19 7
12 15 6
8 10 10
12 14 7
22 0 3
5 6 5
21 0 5
8 9 6
13 13 4
18 21 2
9 10 7
12 14 6
13 14 1
16 17 2
23 0 9
19 21 5
15 16 6
14 17 6
14 17 2
11 14 9
7 9 10
5 7 2
6 8 9
16 19 4
14 18 2
9 13 2
7 9 7
18 20 6
19 20 6
15 18 2
18 20 9
19 21 1
1 2 4
4 6 9
14 17 5
22 1 5
22 1 1
21 22 3
9 9 10
17 19 1
2 5 5
9 11 7
5 6 8
23 0 8
5 6 5
23 1 1
4 7 4
5 7 8
23 1 3
16 17 9
8 11 4
6 8 10
12 15 8
22 23 1
0 2 3
16 19 1
18 19 5
14 16 3
14 16 3
0 2 7
1 2 2
5 6 9
20 22 9
19 19 1
13 17 7
9 10 9
17 20 9
10 13 9
21 0 7
9 12 2
19 22 4
17 20 10
5 8 5
1 4 8
12 14 5
3 5 7
22 1 4
22 1 6
4 4 3
22 1 4
0 3 4
23 0 3
16 19 10
0 3 9
6 10 10
17 19 3
23 2 2
14 17 6
23 0 4
17 22 8
3 4 1
23 1 4
13 15 2
17 19 6
14 17 1
1 4 7
12 13 5
6 8 10
2 4 6
0 3 5
10 14 4
14 14 10
7 10 2
12 15 3
20 21 1
6 6 8
4 4 10
6 7 4
20 21 9
0 2 7
12 15 8
18 19 7
12 15 8
6 7 7
10 12 1
0 3 1
13 14 6
6 8 10
15 17 4
8 10 8
19 20 4
11 14 3
23 1 2
17 20 4
20 22 3
8 11 5
22 0 9
9 11 6
12 12 7
5 6 1
2 5 3
5 7 6
15 17 5
12 14 9
6 9 10
3 5 8
21 0 6
15 18 7
21 23 5
17 19 4
4 4 7
23 23 2
18 22 1
7 8 10
20 22 1
11 15 4
14 17 6
23 1 9
14 17 5
