1000 10
9 2 8 2 8 5 3 9 5 4 
5 7 2
21 22 8
8 12 5
12 15 1
0 1 5
10 12 2
23 1 6
1 4 2
7 8 6
15 16 3
0 3 4
6 9 9
14 16 9
11 13 7
15 18 2
17 17 2
21 22 7
4 4 7
13 14 9
19 21 1
7 10 2
8 10 5
20 21 9
9 12 7
15 18 10
3 4 9
16 18 9
18 20 7
19 22 7
20 21 8
5 7 3
8 10 5
4 5 9
17 19 8
5 9 5
19 20 9
23 0 10
14 18 4
0 1 7
23 0 4
23 2 4
10 12 2
7 9 7
5 6 4
13 15 7
9 12 5
9 11 3
2 4 7
12 15 4
20 21 6
10 13 5
10 12 6
8 11 3
18 22 7
15 17 4
16 18 2
7 10 2
12 14 2
14 17 2
4 6 5
7 9 9
6 8 7
9 11 5
22 0 1
20 21 6
0 2 1
10 10 8
0 1 5
17 19 8
10 12 4
9 9 10
4 5 1
21 22 9
19 20 1
3 4 4
18 20 9
1 2 5
10 14 1
15 17 2
5 6 9
3 5 3
2 4 4
8 11 6
7 10 10
8 9 9
16 17 7
19 22 1
18 22 3
23 1 7
20 0 4
3 6 2
0 3 4
9 10 9
15 18 1
9 9 2
22 0 6
10 13 7
7 10 1
6 8 8
12 14 1
1 2 7
3 6 7
23 1 4
4 6 5
20 22 7
12 14 10
3 5 8
5 7 2
11 14 4
20 22 10
0 3 3
3 4 8
16 18 9
13 15 10
6 8 10
14 16 1
21 22 10
22 0 6
4 5 10
2 5 5
7 9 2
1 5 1
18 20 4
14 16 7
12 15 5
14 15 3
16 17 2
17 20 6
23 1 10
6 8 1
20 22 5
4 6 5
4 6 6
18 20 6
5 8 10
13 16 3
9 10 5
22 0 9
8 9 1
0 4 4
7 8 7
0 1 10
18 20 3
5 7 2
21 22 5
9 12 3
16 18 4
12 14 8
10 13 3
3 6 10
2 3 8
3 4 7
15 18 6
16 19 8
5 9 4
19 23 4
8 11 3
12 15 9
8 11 4
12 14 4
3 4 6
3 6 6
10 13 4
18 21 5
14 15 9
21 23 8
21 22 1
3 3 5
7 11 8
20 22 2
4 7 8
14 15 8
11 13 3
17 18 5
0 2 9
6 8 10
0 2 6
4 8 2
20 21 9
15 17 9
6 9 5
2 3 3
7 8 9
11 14 2
16 18 8
18 22 3
3 5 2
7 10 9
13 14 4
11 12 9
8 10 4
0 3 3
22 2 8
19 21 3
3 7 10
2 3 10
7 9 5
11 14 1
12 13 2
23 23 7
15 18 2
21 22 4
1 2 7
9 12 9
15 17 10
1 2 1
4 6 3
12 13 9
15 16 8
12 14 9
1 3 3
13 14 4
7 9 2
19 21 10
4 7 4
5 8 1
3 4 5
23 1 4
22 0 10
20 20 2
21 1 5
7 8 8
10 12 5
16 18 9
1 4 5
13 14 8
14 16 2
18 21 7
22 23 7
16 18 2
6 6 8
19 19 7
4 5 6
0 3 3
19 20 9
12 16 6
10 12 9
9 11 3
11 14 5
6 9 1
21 22 6
19 21 10
20 21 10
18 19 5
14 17 8
6 7 3
15 17 2
18 21 6
15 17 8
10 12 8
14 15 7
17 18 10
4 6 9
6 9 2
11 14 2
21 0 8
4 5 2
5 8 8
22 23 1
17 20 9
6 7 5
15 18 1
13 16 2
14 16 10
7 9 5
9 11 3
10 12 8
9 11 1
13 15 5
7 10 6
20 20 7
18 20 8
9 12 5
13 16 6
3 6 9
17 20 2
15 18 8
11 12 10
21 23 1
10 13 3
1 2 3
21 2 2
14 16 5
8 9 9
6 7 3
4 7 7
12 14 8
6 7 8
9 12 9
15 18 9
10 12 2
3 6 4
16 16 2
15 15 5
18 20 1
9 11 3
9 13 3
6 10 10
11 15 10
19 21 6
17 18 1
12 12 8
15 16 8
2 5 1
9 11 10
15 19 7
4 6 9
1 2 5
18 21 5
13 14 7
21 23 9
10 11 7
19 21 2
12 14 5
23 1 1
18 20 9
6 9 10
11 14 2
1 3 9
18 19 10
4 5 8
5 6 9
1 4 5
4 6 8
4 6 4
18 20 2
12 16 4
12 15 6
15 18 7
8 10 4
0 1 1
22 1 1
9 12 8
21 22 4
15 17 3
12 13 9
3 4 7
2 3 8
10 12 8
17 20 2
3 5 2
8 11 9
2 3 2
4 6 4
5 8 9
13 15 3
23 2 8
16 16 4
6 9 6
21 23 9
15 17 5
19 21 6
9 10 1
22 23 8
19 21 9
21 21 3
6 8 4
7 8 3
6 7 3
22 0 9
19 20 10
15 19 9
17 20 5
19 21 5
13 16 10
4 4 10
17 18 7
12 15 3
16 15 10
18 21 9
14 16 3
19 20 1
9 12 6
3 7 5
6 10 9
5 7 8
15 18 2
8 10 1
23 1 2
19 22 6
2 5 7
3 6 9
9 11 10
0 2 10
23 1 1
21 23 8
16 16 5
4 6 8
0 2 8
3 5 7
21 23 4
11 13 2
3 4 6
11 14 4
21 0 6
17 19 2
13 15 3
20 21 4
5 6 5
12 12 8
1 3 8
0 3 2
0 2 6
8 8 1
22 3 10
4 5 6
20 20 10
0 1 4
4 5 4
12 13 1
8 10 2
11 13 2
12 14 6
1 2 4
12 15 8
20 21 6
6 8 2
17 18 9
0 2 8
11 13 8
1 2 8
22 0 7
13 16 8
15 18 10
23 0 1
8 9 3
11 13 7
5 7 2
21 0 2
12 14 5
11 12 6
21 0 10
7 9 2
23 23 8
12 13 3
1 3 10
3 4 3
18 21 7
3 6 10
0 2 7
9 12 7
22 0 2
11 14 3
16 16 5
17 20 5
16 18 10
19 20 5
22 1 2
5 6 2
11 14 10
13 15 1
7 8 9
5 7 9
1 3 4
22 23 6
9 11 1
7 8 2
8 10 9
17 16 10
17 18 10
13 15 8
22 1 7
9 10 9
12 11 5
17 17 1
23 0 10
2 4 7
17 18 7
21 23 10
6 7 7
23 1 5
0 2 7
18 21 7
20 22 8
22 23 10
23 0 9
11 13 3
0 3 5
0 1 10
23 1 4
23 2 4
7 8 1
10 11 10
10 10 1
7 10 1
16 19 6
17 20 3
10 13 4
9 13 9
11 14 1
8 10 2
10 12 8
11 13 9
21 23 8
18 19 6
5 8 9
10 12 7
13 15 4
4 5 7
1 1 6
14 16 10
14 17 10
17 21 1
18 19 8
14 16 7
11 13 3
14 16 6
16 21 4
1 3 5
23 0 1
1 3 6
1 3 2
23 1 2
2 4 6
18 18 8
21 0 5
1 2 9
11 12 2
3 5 3
1 4 2
15 18 8
17 17 6
12 15 6
13 15 4
19 21 9
22 22 8
23 1 7
20 22 2
1 2 6
17 20 4
15 16 10
0 2 7
0 2 8
17 18 8
2 3 4
9 12 2
2 3 9
9 11 1
23 1 3
13 17 8
15 16 2
13 14 10
17 20 5
10 12 5
16 18 1
15 16 1
17 19 4
18 21 3
17 20 1
9 13 2
17 19 3
14 16 6
4 4 9
4 7 10
2 2 8
14 17 2
16 18 6
10 11 4
11 13 4
1 1 8
11 13 5
4 6 3
2 5 9
19 19 7
1 3 3
1 3 1
6 10 4
12 12 2
18 20 7
15 17 8
16 19 3
6 7 3
14 15 1
6 6 2
12 15 10
21 22 10
15 18 4
19 23 10
22 23 9
0 2 6
4 5 6
6 8 2
2 5 1
19 21 2
18 20 4
3 5 9
15 16 2
5 5 8
17 21 1
17 21 6
9 10 1
22 1 8
6 9 2
20 20 6
19 21 3
20 20 5
7 9 9
19 21 9
3 5 6
16 18 1
13 15 10
20 22 7
2 3 2
1 4 1
14 17 10
3 5 6
7 9 10
20 21 7
11 14 8
14 15 7
23 0 10
10 9 4
20 21 9
16 20 7
13 15 3
5 7 7
20 22 5
1 3 2
12 16 5
3 5 1
4 6 7
2 4 4
14 15 8
11 14 2
9 12 2
19 21 2
16 18 9
6 9 4
0 1 1
20 22 1
22 23 5
13 14 5
8 11 8
4 4 1
4 5 8
13 16 2
0 4 10
17 19 3
15 16 7
18 20 9
13 16 7
21 22 5
13 15 10
10 12 7
14 15 2
4 6 6
6 8 6
15 17 2
22 0 5
10 11 10
15 14 1
5 7 6
1 4 4
9 11 10
2 3 6
22 0 1
7 9 4
10 12 1
15 19 3
6 8 3
3 5 1
13 15 4
18 20 10
7 12 9
1 3 2
16 18 5
2 6 3
2 4 6
13 16 4
6 7 8
22 23 10
8 11 5
4 5 5
21 23 2
22 23 9
22 23 10
0 1 2
7 12 4
20 23 1
5 6 8
20 23 9
6 9 6
10 11 2
10 12 2
15 17 4
16 18 1
7 10 7
17 19 3
16 19 6
3 5 10
18 19 5
18 19 6
20 22 3
9 10 1
12 13 9
20 21 7
21 23 3
8 10 1
20 22 8
20 21 7
21 22 7
9 8 10
19 21 9
0 3 6
20 23 9
18 19 2
19 20 5
23 2 6
12 14 3
11 15 8
19 21 1
11 12 5
14 14 10
16 19 2
7 10 2
1 3 5
9 10 3
14 15 8
12 15 9
16 19 8
1 3 6
12 13 9
23 3 1
0 0 3
16 18 6
20 22 10
1 3 10
15 17 4
2 4 1
16 18 8
0 2 8
7 9 3
23 2 4
14 17 9
6 8 1
18 19 3
2 5 6
10 11 4
18 21 2
13 15 3
3 4 7
7 7 6
4 6 1
4 7 3
20 23 4
4 7 6
12 14 7
19 21 1
7 8 7
21 23 5
3 7 9
7 10 8
5 8 10
21 22 7
16 19 8
18 21 9
1 3 3
12 15 10
9 13 7
11 12 4
18 20 3
16 18 10
11 14 8
22 0 6
23 0 9
13 16 8
10 14 7
17 21 10
20 20 8
11 14 4
8 11 6
18 20 10
17 18 7
21 23 3
10 12 3
15 19 9
16 19 7
15 16 6
19 19 7
5 8 5
11 13 6
13 16 5
15 16 3
12 15 10
0 3 4
21 23 5
20 22 6
22 1 2
2 3 9
2 4 6
13 14 3
1 2 8
18 22 7
17 19 10
13 15 8
1 2 4
11 12 4
7 10 6
5 8 5
12 12 9
10 11 6
18 20 9
20 0 5
9 12 8
12 14 7
5 7 8
15 18 4
16 19 10
7 11 9
10 12 9
14 17 7
7 9 5
7 9 10
11 12 5
9 10 2
18 20 7
9 12 4
15 17 5
20 22 6
9 11 9
8 9 9
23 0 6
4 7 8
19 21 1
1 3 8
17 19 1
23 0 5
15 17 3
1 4 7
23 3 4
3 5 1
15 16 5
22 1 3
0 3 4
22 1 9
6 9 8
14 16 5
12 14 6
13 15 6
3 6 3
21 23 10
8 11 6
22 0 2
4 6 2
10 11 3
12 13 5
8 10 2
2 4 6
15 18 5
11 12 4
6 8 7
5 7 10
23 1 7
7 10 2
9 9 4
15 16 6
20 23 10
11 13 7
10 11 7
14 15 7
10 14 1
14 16 5
8 10 10
5 5 7
22 23 5
20 22 6
12 15 5
0 1 7
12 15 1
5 8 1
23 1 5
4 7 7
14 14 1
14 18 4
17 19 10
16 17 2
6 8 8
21 0 9
6 8 5
2 3 6
1 1 1
23 1 9
14 17 10
12 15 1
21 23 10
11 13 2
12 13 9
21 23 4
16 17 2
5 7 5
19 20 10
19 20 10
23 0 1
7 9 8
14 16 2
11 12 8
12 13 6
22 23 1
4 6 2
18 20 9
9 9 8
22 0 3
18 21 1
14 16 3
5 6 8
11 12 10
5 7 8
20 21 6
20 22 1
5 5 2
16 18 7
7 9 1
16 18 1
19 22 8
22 1 3
0 2 8
1 4 7
22 23 4
2 5 9
23 1 3
20 21 9
4 6 9
10 12 1
22 1 5
11 14 6
8 10 9
10 14 7
17 19 8
0 2 3
0 4 6
19 21 1
9 11 8
14 15 6
1 2 4
13 14 1
14 15 8
11 13 2
15 16 2
17 18 7
11 16 8
0 2 9
20 20 9
5 7 8
3 5 1
0 3 9
12 13 3
9 11 1
13 15 10
18 20 3
19 21 6
12 13 8
17 19 1
3 5 10
17 20 1
21 0 1
16 17 2
6 8 1
6 8 10
6 7 7
19 20 1
23 2 5
4 7 1
3 6 9
13 16 2
23 2 4
15 16 3
11 11 5
11 12 7
20 23 7
8 10 5
7 8 9
8 9 2
14 15 4
20 23 3
18 20 7
13 15 1
21 22 8
5 8 10
8 10 4
19 23 3
8 10 2
19 18 1
21 1 3
7 9 4
4 7 8
14 16 1
5 8 6
19 21 1
21 22 9
14 15 1
21 23 4
8 10 2
23 1 4
14 15 4
10 12 6
8 9 9
1 2 10
10 11 3
18 19 2
13 15 4
