1000 15
7 11 5 5 8 11 1 3 3 5 9 7 9 3 8 
6 6 1
19 22 4
8 11 4
5 8 2
7 9 5
11 12 14
15 16 6
12 15 11
14 16 8
1 4 14
5 8 7
16 16 5
17 19 15
21 23 12
5 6 12
9 11 6
13 16 7
8 10 1
18 21 4
7 9 12
22 0 1
19 21 4
4 5 15
13 15 10
21 23 7
3 4 13
0 1 10
21 23 9
20 23 8
0 4 7
21 0 8
21 22 7
22 0 2
1 3 1
14 16 2
12 14 9
18 21 7
12 15 6
12 15 8
3 6 10
20 21 13
13 14 13
16 18 2
8 10 7
22 0 4
9 11 13
23 0 1
11 14 14
8 10 2
22 1 4
8 11 14
3 6 2
6 9 11
0 2 14
13 16 1
7 8 8
1 5 12
12 14 12
18 20 3
0 4 1
10 12 12
4 5 13
16 20 4
23 1 3
17 20 14
6 10 13
3 3 6
20 22 6
13 16 1
21 23 11
18 20 2
11 13 1
11 14 14
18 21 8
19 19 12
18 20 3
17 20 13
16 18 4
2 3 2
22 1 11
10 14 13
7 9 5
12 13 1
23 0 14
12 14 4
12 13 12
10 11 2
1 2 4
4 5 11
15 16 9
23 0 12
5 7 8
6 7 9
15 18 11
20 22 5
0 2 1
2 4 9
1 2 6
11 13 13
14 18 13
12 15 1
19 22 8
7 8 10
21 22 4
6 8 14
4 6 13
21 23 13
7 8 2
8 10 15
14 16 1
8 10 3
19 21 3
14 16 14
18 20 4
20 22 12
5 5 10
20 21 2
11 14 6
16 19 5
19 21 10
23 23 13
5 8 5
6 7 13
18 19 6
3 5 3
22 1 10
0 1 1
18 21 8
4 5 6
8 9 7
18 22 14
8 10 5
20 0 4
17 19 10
16 18 6
16 18 4
18 19 4
7 9 11
21 0 12
12 13 4
10 11 5
19 21 1
0 1 11
22 23 5
5 7 6
5 10 7
6 8 15
9 10 6
12 15 10
14 15 13
5 6 12
22 0 14
23 1 6
3 6 10
20 21 12
6 5 8
15 17 4
2 5 14
7 10 4
10 10 15
13 15 7
2 4 13
18 19 12
3 6 7
10 11 12
17 18 11
21 0 13
17 20 7
4 6 3
21 22 3
21 23 15
19 20 6
21 0 5
19 21 11
11 14 11
5 3 15
11 13 8
11 11 7
3 7 10
4 5 2
20 22 9
18 19 8
0 1 8
0 3 5
18 21 4
12 13 8
22 2 11
11 15 12
15 18 9
16 18 10
23 0 13
18 19 12
23 2 5
11 14 2
21 21 5
10 13 4
6 5 6
10 14 6
13 15 4
21 23 15
18 19 7
11 15 10
19 21 10
17 21 13
6 6 12
8 10 11
12 14 3
22 0 2
10 11 8
17 18 11
10 13 14
17 18 10
14 18 1
6 9 14
10 10 12
16 18 7
4 6 5
7 9 11
20 23 15
14 17 8
7 10 14
13 16 11
0 2 13
1 2 12
15 19 2
9 12 14
21 23 6
18 20 6
2 3 12
16 17 8
23 0 7
1 2 6
2 4 5
19 21 9
8 10 2
1 2 12
23 23 13
20 21 9
21 21 6
17 20 15
7 10 2
10 13 2
20 22 14
21 23 12
11 13 1
19 21 12
22 1 10
12 14 3
17 19 3
12 14 4
21 22 5
11 13 3
8 12 5
5 6 2
23 0 4
16 18 13
2 3 10
20 0 8
16 18 4
15 17 7
15 17 15
23 1 10
4 7 10
20 23 5
1 3 13
11 12 10
9 10 11
7 10 12
18 20 2
13 15 7
21 20 15
12 13 12
10 11 9
11 12 2
1 2 12
19 21 10
4 7 1
19 21 1
0 3 3
23 2 3
6 7 8
14 15 7
20 20 7
18 19 9
0 2 1
16 18 4
23 2 14
0 2 14
10 11 8
20 23 9
7 8 2
13 15 11
7 10 2
14 17 12
9 13 11
15 18 3
13 14 6
16 18 13
12 14 9
22 1 15
1 4 10
12 13 7
22 22 11
8 8 12
3 6 7
7 9 7
15 17 13
11 13 13
9 11 4
0 4 12
2 5 6
19 20 14
12 13 1
14 16 11
10 10 10
18 22 3
21 21 3
16 20 12
17 19 13
6 8 4
13 16 3
0 2 10
8 11 13
8 10 7
0 3 10
15 17 2
14 16 9
3 5 12
10 14 15
3 3 15
3 6 3
2 4 14
3 5 13
19 20 2
1 3 6
19 22 1
7 8 14
15 15 7
7 8 6
6 8 13
19 20 3
7 10 9
19 21 6
8 10 7
11 13 8
9 11 12
21 23 6
21 22 1
18 19 8
14 18 8
9 11 1
23 1 9
18 21 15
15 17 12
16 18 6
19 22 6
3 5 4
3 6 6
3 5 7
5 7 15
4 4 7
5 8 8
0 2 3
8 10 7
15 18 7
12 14 9
6 7 3
0 3 1
16 19 10
20 21 2
14 16 13
22 0 12
17 18 7
2 2 10
9 13 14
4 6 2
3 4 1
20 22 12
13 15 3
8 8 5
19 20 6
23 23 13
23 1 8
8 10 2
8 10 10
18 21 4
21 23 2
5 5 12
13 15 14
21 0 14
21 0 7
17 19 12
4 7 15
0 2 12
16 18 12
4 5 13
10 10 9
8 8 13
3 3 2
6 9 9
0 0 8
7 7 11
1 2 12
13 13 15
19 23 2
16 17 11
4 4 8
14 18 2
21 0 13
17 19 1
23 2 5
20 22 1
16 17 12
15 17 12
22 22 4
4 7 5
14 16 7
22 0 9
10 12 5
14 16 1
21 0 5
15 18 14
21 23 2
16 19 2
14 15 8
2 3 1
23 1 11
7 8 4
20 20 1
18 19 6
13 15 13
10 13 13
9 10 6
22 2 11
8 10 8
21 0 11
3 4 3
4 5 11
4 5 7
1 2 8
21 22 2
13 15 3
9 12 6
9 11 14
18 20 2
21 0 14
11 12 5
14 17 6
19 20 15
3 4 6
6 9 6
9 11 6
16 18 5
14 16 5
6 8 8
21 23 8
18 21 10
1 4 7
21 22 11
16 18 14
17 18 10
14 17 2
21 23 15
18 22 4
15 18 13
5 5 10
7 8 11
21 23 13
19 20 5
0 2 15
4 4 3
0 3 3
5 8 2
1 1 6
19 22 3
0 0 10
14 18 14
20 22 15
7 8 1
17 18 3
0 1 12
23 0 1
1 2 7
9 10 5
7 10 2
10 13 7
10 13 8
9 11 1
13 13 12
0 1 1
16 18 13
8 9 12
6 7 14
5 5 7
15 18 12
2 3 6
20 22 10
22 1 5
5 6 11
3 6 11
9 12 11
11 12 7
21 22 4
3 7 12
4 5 12
18 20 10
16 17 1
11 14 2
6 8 9
7 9 13
2 4 13
10 11 7
5 7 11
0 3 10
18 21 7
9 10 11
7 9 10
16 18 2
1 2 1
23 1 10
8 10 11
0 2 2
0 4 5
0 2 4
10 11 5
18 19 3
20 22 3
22 22 2
7 8 6
8 9 13
4 4 4
14 16 9
4 6 13
23 3 5
23 2 15
7 9 1
12 16 12
1 3 4
16 19 3
15 17 3
11 15 1
16 20 4
22 0 4
15 18 5
22 1 13
8 11 5
3 4 3
11 12 8
15 16 8
2 5 2
8 11 4
22 23 9
16 17 15
19 20 2
5 8 10
21 23 13
19 21 7
6 7 4
10 13 10
20 0 6
0 1 7
5 5 2
15 20 13
5 8 7
17 20 15
4 7 7
1 4 13
20 21 6
20 22 8
9 10 6
20 23 9
2 3 3
2 5 8
21 0 3
4 7 2
3 7 13
16 19 6
0 3 9
16 17 7
4 6 5
1 4 6
23 2 9
6 7 1
23 2 6
18 21 3
17 20 1
15 17 12
16 19 1
1 4 13
6 11 11
10 11 1
5 8 11
23 3 15
1 4 10
6 8 8
20 21 1
18 22 11
18 19 9
22 23 12
22 1 10
1 3 7
11 14 4
13 15 6
5 7 2
7 9 11
2 2 11
6 8 5
1 4 12
19 21 2
2 4 10
15 18 11
7 9 15
6 8 13
22 1 3
20 23 3
1 3 7
17 18 11
14 17 10
13 16 2
2 4 2
4 6 4
14 16 6
11 13 6
10 11 1
6 7 9
3 5 4
23 1 3
18 19 8
7 7 5
20 23 15
14 18 7
16 19 5
6 7 2
19 22 2
7 10 4
0 2 3
5 7 6
18 21 4
18 21 9
11 12 1
6 9 6
6 7 13
21 21 1
18 20 9
13 14 15
22 1 11
2 5 1
8 12 6
0 2 10
19 22 3
18 18 9
1 4 14
4 6 7
13 16 9
4 6 3
6 9 6
21 21 6
7 11 9
8 9 5
5 8 2
7 7 7
1 1 6
11 12 12
3 7 8
1 5 10
13 13 7
22 2 9
10 13 7
1 3 6
2 5 14
17 18 9
7 10 8
14 16 8
13 15 12
18 21 2
22 0 7
17 18 13
9 10 7
21 0 15
23 3 13
6 8 4
10 14 14
20 21 10
21 23 15
16 18 12
6 7 10
10 12 1
10 12 5
20 23 12
5 7 13
3 3 7
22 22 12
12 13 6
6 8 12
22 23 6
12 15 4
1 5 4
0 3 12
18 20 6
9 12 9
6 7 8
9 11 14
17 19 13
12 13 15
6 8 5
4 6 4
0 4 13
2 3 1
16 16 5
8 10 1
19 20 8
1 2 8
21 1 9
17 21 2
12 15 8
3 5 4
1 4 10
5 5 4
9 11 14
17 18 12
11 13 4
4 7 14
11 12 5
22 0 7
0 2 9
16 18 11
2 5 6
11 12 11
14 14 12
22 1 9
5 7 6
1 4 13
4 7 5
17 19 7
14 15 7
0 3 8
1 3 6
7 8 3
15 16 6
9 12 4
14 15 7
9 13 3
0 2 12
1 2 6
10 13 9
3 7 3
3 2 15
20 21 10
12 14 13
17 18 5
20 21 5
20 21 2
20 21 5
19 21 2
5 7 14
16 18 1
15 15 14
6 8 14
7 11 8
6 8 10
13 16 2
11 15 10
7 9 3
17 20 5
18 20 1
22 22 3
7 9 11
17 19 7
0 2 3
18 21 8
10 13 15
12 16 6
4 5 5
5 8 9
15 18 7
15 16 4
7 10 6
5 6 9
9 12 14
4 5 11
4 7 3
22 1 12
16 17 10
8 10 8
14 16 6
14 17 8
0 2 6
18 20 1
22 22 3
6 6 2
22 1 15
0 2 2
21 0 3
3 6 15
9 13 7
1 4 12
6 9 13
20 22 4
16 17 9
13 15 14
9 10 13
10 11 2
23 1 14
14 18 11
21 0 15
3 4 10
9 11 6
0 2 4
21 22 1
11 14 5
19 22 3
20 22 12
3 5 11
22 1 15
16 17 7
23 0 7
23 22 7
20 22 7
0 2 4
17 20 15
14 17 9
11 14 13
14 16 3
16 17 10
22 22 1
11 12 11
12 13 6
15 18 9
23 2 8
17 20 6
6 10 13
16 18 7
18 21 12
22 0 4
5 7 2
3 3 4
1 3 5
20 21 2
4 8 6
8 10 6
23 1 8
14 17 10
21 1 14
1 2 3
12 14 8
19 21 5
12 15 10
12 14 5
19 21 8
2 6 2
14 16 2
4 6 3
7 9 6
21 23 1
23 1 15
3 5 2
16 19 7
23 1 3
11 12 3
22 1 6
14 16 15
19 21 12
20 21 3
5 6 10
17 18 9
23 1 10
21 21 8
3 4 6
22 23 10
5 6 5
1 1 4
10 13 12
21 0 1
7 10 15
8 10 4
13 16 10
16 16 13
22 0 1
22 23 10
2 5 12
20 23 14
8 12 8
18 20 14
12 13 8
11 13 5
9 10 9
10 13 12
12 14 6
14 17 10
0 2 5
13 17 3
19 21 11
6 7 15
18 21 2
20 21 15
9 13 3
6 8 14
4 8 6
18 20 2
2 5 5
6 8 4
19 21 10
11 11 2
6 8 5
23 1 5
20 22 5
16 19 12
23 0 11
10 13 8
11 13 6
6 8 13
20 0 6
23 23 8
11 13 13
13 15 14
6 9 5
1 3 15
22 1 2
18 19 10
22 0 9
18 19 1
10 12 4
13 17 1
2 5 2
5 6 6
7 9 10
23 2 2
23 1 12
18 19 8
11 12 15
20 22 13
15 16 1
11 14 11
10 12 11
2 3 5
21 0 13
12 14 1
4 6 4
13 15 5
2 4 1
1 3 1
5 7 4
8 9 8
8 10 3
18 20 15
5 7 14
16 17 14
18 21 13
4 7 5
0 3 12
18 20 3
7 9 12
15 17 5
12 13 10
13 16 13
13 14 3
7 9 7
5 8 12
20 23 6
20 23 15
11 11 15
23 0 14
15 17 9
5 6 1
8 9 14
9 10 2
18 19 2
3 4 3
16 19 10
8 10 3
4 7 3
6 9 6
7 8 1
14 16 13
11 14 13
20 0 8
4 7 4
5 6 2
17 19 15
11 13 6
8 10 12
9 11 10
12 15 10
8 7 5
8 10 3
1 3 3
8 11 9
3 6 12
0 1 5
8 12 5
14 15 6
3 4 5
2 7 9
16 17 14
13 15 1
0 2 1
6 7 3
3 8 11
5 8 14
6 9 14
