100 4
1 2 3 4 
13 17 1
16 18 4
13 15 4
19 23 1
11 15 3
12 16 1
2 3 4
15 17 4
23 1 2
10 14 3
17 19 3
18 21 4
6 8 1
10 13 1
15 19 3
23 1 2
6 10 1
23 2 3
3 5 2
18 21 1
20 0 2
19 23 4
0 4 3
11 12 2
23 1 2
2 5 4
13 17 1
17 22 2
7 10 1
4 7 4
17 21 1
20 22 4
0 2 1
23 2 1
16 19 1
9 12 3
19 22 2
9 12 3
8 12 3
21 23 2
1 5 4
13 17 3
19 21 3
16 19 2
0 2 2
15 18 1
2 6 2
22 1 2
1 5 2
5 9 4
15 18 2
19 23 2
5 7 3
20 23 3
2 1 4
2 5 4
23 3 2
16 19 2
9 12 3
0 2 4
13 18 1
20 23 3
4 9 3
19 22 3
10 13 2
1 3 4
14 18 3
10 15 3
0 3 3
15 17 1
8 11 2
12 16 3
17 20 4
15 17 1
3 9 3
15 19 1
22 1 1
3 6 1
8 10 1
13 15 1
13 15 3
7 11 4
5 7 1
5 8 1
8 11 3
21 23 1
23 1 3
4 8 1
18 20 3
15 18 1
12 14 1
13 15 4
0 3 4
23 2 4
12 16 4
9 12 1
5 8 3
22 1 4
12 14 1
16 19 2
