500 10
5 3 9 3 4 2 4 3 10 5 
3 5 6
7 9 1
5 8 10
8 9 7
14 16 5
5 7 6
13 15 8
10 12 1
10 13 9
1 4 5
1 4 9
16 20 8
14 17 9
18 20 1
2 5 4
9 13 8
11 15 8
18 20 4
23 1 10
3 7 8
17 18 5
10 14 7
16 20 7
19 21 5
6 9 4
16 18 6
15 17 1
17 20 5
6 8 7
18 21 10
20 23 6
17 22 5
13 16 6
3 6 1
10 14 3
23 1 6
12 17 5
7 9 9
2 5 3
11 14 1
17 19 2
1 4 5
2 6 9
17 19 2
20 22 4
6 8 10
5 8 8
14 15 7
23 5 2
2 5 10
20 23 10
19 21 7
14 17 5
6 10 10
10 14 4
14 17 3
0 3 9
5 9 5
14 16 9
14 17 5
17 20 3
11 13 8
0 3 2
21 1 5
23 1 7
2 7 9
1 4 5
15 15 9
23 2 6
5 8 7
20 1 3
23 0 6
3 6 4
13 15 9
19 21 8
18 20 6
22 23 6
19 22 4
23 3 9
3 6 10
0 3 9
6 10 5
19 22 9
22 1 8
8 11 9
20 23 7
23 2 6
10 15 4
8 10 10
0 4 9
21 23 10
20 1 8
1 4 6
12 14 2
15 18 7
11 13 3
6 9 8
15 17 8
17 22 4
10 14 1
5 7 10
12 16 7
5 7 1
19 23 7
16 19 8
6 9 8
7 12 6
8 10 10
10 14 2
19 21 9
21 23 5
15 20 2
6 10 1
22 0 9
18 19 9
14 17 8
19 21 7
11 13 1
12 16 4
13 17 7
18 23 7
6 8 9
3 8 1
9 13 2
4 7 3
0 2 3
8 12 6
11 15 7
23 1 8
17 19 7
3 7 4
6 9 5
2 4 4
18 21 1
15 19 9
20 22 4
9 10 2
10 13 2
20 22 5
3 6 8
13 16 8
10 14 2
23 3 9
21 23 3
12 16 8
21 22 5
23 3 7
5 8 5
4 8 7
8 9 6
17 18 9
23 1 4
14 19 2
9 12 9
1 5 9
15 17 8
15 19 4
20 23 5
6 11 10
11 15 4
17 22 4
22 1 6
17 21 6
2 3 8
18 21 10
1 2 4
17 21 4
4 6 9
9 13 2
17 22 1
22 1 8
23 0 7
10 13 4
5 7 10
10 12 6
12 17 6
7 10 10
12 16 1
15 18 5
12 14 9
2 5 8
12 17 10
2 4 4
10 15 7
20 0 7
5 9 10
8 9 4
21 23 10
8 10 8
6 9 8
17 22 4
4 8 6
10 14 4
14 19 7
6 9 7
9 12 10
8 10 8
15 19 5
19 21 1
15 18 7
19 21 3
22 23 6
12 17 10
21 23 9
10 14 3
14 17 4
4 7 8
22 1 7
8 10 1
5 8 3
2 5 4
1 5 4
10 13 1
5 6 2
2 4 7
6 10 2
13 15 9
18 19 6
0 3 2
15 18 8
18 21 10
13 16 8
19 23 2
8 12 2
23 2 3
2 5 9
22 1 4
2 6 2
20 0 5
6 8 6
16 18 5
19 0 3
11 13 10
20 0 3
4 9 3
0 4 7
8 11 8
19 22 4
6 10 4
3 7 7
5 8 2
15 18 7
22 1 9
23 3 4
5 7 4
7 10 1
23 1 2
22 1 7
6 8 4
23 2 3
13 16 9
23 1 5
15 18 10
18 21 10
20 23 5
9 12 1
20 22 7
9 12 9
6 9 5
5 9 5
23 1 8
16 19 2
21 23 1
7 12 9
0 5 8
3 6 6
18 21 9
13 17 2
3 6 10
8 10 2
12 15 4
5 10 5
23 4 3
20 20 2
3 6 10
8 12 5
6 9 7
18 21 9
17 19 3
21 22 2
4 5 2
19 22 2
21 0 5
15 18 7
1 4 2
6 9 2
8 10 8
23 3 9
17 21 2
4 7 4
23 4 3
19 22 2
8 10 6
15 18 4
10 13 2
13 16 8
13 17 6
0 3 3
23 0 8
5 8 5
2 6 7
17 21 8
12 14 9
17 19 2
9 12 4
0 3 5
19 21 6
2 7 1
1 4 6
16 20 4
2 4 2
16 19 4
21 2 10
3 7 1
11 15 9
12 14 7
6 9 10
13 15 3
9 11 3
5 8 1
21 23 6
4 8 1
16 20 5
6 9 6
5 9 6
0 4 3
5 7 1
19 22 9
14 17 8
0 3 4
14 19 8
13 17 10
2 5 3
10 11 6
23 2 1
22 2 1
9 13 7
10 15 2
7 9 4
4 8 8
17 19 4
2 5 7
15 18 6
13 17 4
17 20 9
12 15 5
18 23 10
7 9 2
2 5 9
1 2 3
11 16 10
5 8 3
15 18 3
11 14 9
20 0 7
16 20 3
0 3 4
5 7 9
19 23 5
19 22 9
8 12 7
8 9 7
19 22 6
5 7 4
10 14 3
0 2 1
20 23 6
4 9 10
14 18 2
5 8 10
4 9 3
5 8 5
9 13 10
12 15 6
20 22 2
2 5 2
11 15 9
2 4 10
0 4 2
13 18 5
15 19 2
8 11 5
2 6 9
7 11 10
18 20 4
23 2 8
18 20 4
8 11 3
19 23 1
7 10 10
23 3 3
10 13 5
13 16 5
23 2 8
3 6 2
20 22 5
1 5 4
9 11 2
21 22 8
18 21 6
18 21 3
11 14 8
16 18 7
7 10 2
2 5 8
16 20 7
22 1 1
16 20 3
5 8 8
13 15 10
18 19 9
7 8 4
22 23 8
21 0 7
3 5 5
19 21 5
16 21 6
0 2 8
11 13 7
21 0 4
4 7 7
10 15 2
15 21 9
17 21 6
6 11 4
13 15 5
0 4 4
23 2 1
12 15 5
2 7 5
6 9 10
12 15 5
12 13 5
4 6 1
17 20 2
2 4 9
7 9 8
0 4 5
20 22 8
10 12 6
7 9 8
17 19 8
0 3 6
18 21 4
19 23 6
12 15 5
20 1 10
13 14 2
11 15 1
12 13 5
8 12 10
16 20 7
13 16 7
8 12 6
1 4 4
1 5 7
22 0 8
1 4 10
5 8 10
15 19 1
5 7 4
1 4 10
1 4 7
22 23 6
23 1 2
8 11 2
21 1 10
12 15 4
0 2 3
7 10 10
11 13 7
2 4 7
23 3 1
22 3 2
3 5 3
17 20 6
3 6 6
20 23 3
5 8 4
20 23 10
6 9 6
6 8 6
23 1 8
22 0 10
9 12 4
7 9 9
1 4 4
2 5 4
8 10 2
6 7 10
15 18 5
9 11 6
11 15 2
9 12 1
1 5 10
2 6 5
5 8 6
3 5 10
5 9 8
8 10 3
