100 5
4 3 2 4 2 
23 0 1
11 14 4
2 4 2
5 7 2
12 13 5
23 1 5
1 4 3
11 13 2
10 12 5
15 16 4
3 5 5
12 15 5
19 19 5
19 21 2
6 7 1
23 3 4
7 10 5
2 4 5
5 7 2
10 12 2
14 14 3
9 11 3
20 23 4
21 23 5
17 19 3
22 1 4
14 16 5
4 6 5
21 0 5
19 22 1
0 3 5
10 11 5
19 21 2
15 18 3
4 7 5
10 12 3
22 0 3
8 11 5
18 19 2
20 22 1
9 10 1
9 12 2
6 8 4
5 7 4
16 18 3
2 5 1
21 21 4
1 2 5
18 22 4
10 14 5
11 13 2
8 11 4
18 19 4
23 0 3
17 18 1
18 20 4
18 20 4
18 19 1
21 21 3
17 19 2
9 12 3
16 17 5
5 7 3
6 9 5
22 22 1
10 11 3
19 22 3
2 5 5
6 7 3
22 0 5
0 2 2
17 20 3
3 5 1
21 22 5
14 17 4
6 7 1
0 2 4
18 19 1
3 6 2
1 2 5
10 12 5
17 19 5
2 3 5
11 14 4
23 2 2
18 20 2
18 21 2
5 6 5
3 4 3
2 4 1
3 5 3
6 6 3
17 19 4
15 18 2
1 4 1
6 10 3
14 16 5
16 18 1
8 9 4
0 1 2
