500 10
4 1 1 1 9 7 1 9 9 4 
17 18 1
10 13 10
5 7 7
4 6 1
15 18 2
1 4 6
18 19 1
6 8 10
21 22 1
1 3 2
10 12 3
5 8 3
17 20 3
11 12 4
5 6 1
12 14 10
5 8 7
6 8 6
13 14 10
3 4 9
8 10 7
22 0 3
8 9 3
8 10 1
23 0 7
16 19 8
7 8 3
15 18 2
7 8 8
11 12 9
8 11 4
13 14 1
15 16 3
22 23 10
13 15 3
2 5 7
18 19 5
20 22 9
4 5 6
20 0 8
17 19 6
3 6 7
3 5 10
19 23 1
22 1 1
4 4 8
18 19 9
9 11 8
21 0 10
22 1 3
4 5 3
14 17 3
20 22 6
23 3 5
10 12 9
2 2 6
13 15 7
23 1 8
2 5 5
14 14 7
22 23 1
12 13 4
12 13 2
13 16 1
12 14 8
10 13 6
23 0 8
20 22 6
9 12 4
5 9 9
13 15 9
0 1 4
17 19 3
4 5 1
12 13 3
23 2 10
18 19 7
13 14 7
18 19 2
21 22 8
11 14 2
4 4 8
21 23 9
13 14 7
11 12 2
16 18 3
16 15 5
18 19 9
18 20 7
22 1 4
21 21 4
1 2 6
3 5 7
15 18 1
4 7 4
3 4 8
5 6 2
14 16 2
17 19 5
6 9 4
2 5 8
10 13 5
11 14 8
22 23 9
10 14 10
3 4 6
19 21 8
7 9 6
17 20 7
4 4 3
17 18 1
22 0 8
14 18 8
7 9 3
20 21 1
15 16 5
6 8 5
13 16 2
5 7 9
16 18 5
11 12 3
23 1 7
16 19 2
23 2 5
21 22 6
10 11 10
18 21 8
4 6 7
2 4 2
10 12 10
9 11 1
19 21 2
19 21 10
7 8 2
10 12 7
23 3 4
8 10 5
9 10 3
10 11 6
9 12 8
21 22 10
9 11 1
20 22 6
18 19 10
9 12 8
20 23 5
4 7 6
4 7 4
11 13 9
7 9 7
4 6 6
7 9 1
5 7 3
0 2 10
8 11 5
5 9 7
11 13 8
5 7 3
8 10 6
1 2 8
13 15 2
6 10 9
4 4 3
23 0 3
2 3 6
20 21 9
3 6 7
13 14 8
19 19 8
22 1 8
20 22 10
20 20 7
2 4 6
22 1 9
5 7 5
7 10 4
7 8 8
23 2 9
2 4 7
11 13 7
13 14 8
5 7 2
0 3 4
18 20 3
1 1 7
21 22 3
21 22 1
7 9 7
8 10 1
13 14 4
8 11 6
4 7 5
8 10 1
8 11 1
15 16 6
17 18 7
21 0 8
23 0 2
20 0 4
15 19 10
16 18 1
6 7 2
4 8 2
16 18 9
4 5 8
2 4 2
0 1 5
18 20 3
21 23 6
4 6 10
10 13 8
12 15 5
9 8 1
17 19 5
5 6 10
21 0 7
12 13 1
14 15 6
23 23 6
3 7 4
9 11 7
16 18 8
12 12 9
2 4 7
8 9 2
3 6 2
19 21 2
19 20 8
14 16 6
12 14 8
12 16 9
0 3 3
12 14 8
8 11 2
23 1 7
12 15 3
19 22 2
10 14 4
16 20 1
7 9 7
0 2 6
0 3 3
23 2 9
22 0 1
10 13 6
17 18 1
12 16 9
18 21 2
17 20 1
8 9 9
1 1 9
4 5 6
8 8 2
23 0 4
0 3 7
17 18 9
13 16 1
10 13 5
4 6 8
15 19 8
13 14 2
16 15 9
13 14 10
18 20 5
17 19 9
17 18 4
16 18 8
1 5 7
20 21 6
11 14 6
1 3 8
0 0 2
18 20 1
17 19 3
0 2 3
3 5 1
12 13 4
13 14 5
7 9 3
23 1 8
14 17 9
15 18 4
2 3 10
11 14 8
14 16 9
12 13 10
19 21 4
23 0 1
14 14 5
6 9 8
11 12 5
8 10 7
20 22 7
4 6 9
3 4 1
10 12 8
5 8 9
17 19 6
8 9 1
4 5 6
2 3 3
23 1 2
13 15 3
8 8 9
2 4 4
22 23 7
17 20 10
1 4 6
15 16 2
19 20 10
2 5 10
2 4 6
14 16 6
4 5 6
17 20 9
9 9 8
22 0 1
21 22 5
10 13 1
4 5 9
5 8 2
23 2 10
3 2 10
3 6 4
17 19 3
12 13 2
19 21 1
5 7 10
17 18 2
8 9 9
15 17 10
11 13 6
6 8 10
5 7 9
2 4 9
8 11 7
21 22 4
7 9 6
23 1 4
2 4 8
4 6 7
7 11 3
22 23 8
7 8 9
23 1 10
1 3 7
2 3 6
1 3 10
18 21 10
8 9 4
6 8 4
4 6 3
17 19 9
0 2 1
0 1 3
3 4 9
3 4 3
2 5 6
8 10 10
17 18 8
1 3 3
16 19 6
0 1 5
4 6 9
21 21 1
23 1 3
14 16 4
11 12 3
21 0 9
8 9 10
18 21 9
12 14 7
7 9 7
5 6 9
19 21 1
16 16 8
16 18 3
6 10 8
6 8 10
14 16 5
12 15 1
8 10 8
8 10 6
21 22 8
15 16 4
21 23 5
14 16 5
14 16 1
9 12 9
17 20 1
1 3 1
16 17 1
1 4 4
21 0 7
15 17 2
3 6 9
9 10 2
10 12 7
22 1 2
1 4 1
18 22 7
5 7 2
0 2 5
4 6 4
1 3 5
0 2 7
2 4 2
23 2 3
2 3 4
1 1 3
2 2 7
21 0 7
8 9 1
22 1 4
15 15 1
14 17 2
3 5 8
7 7 5
17 20 5
12 14 4
4 5 1
7 8 7
18 19 8
0 3 4
6 8 10
0 4 10
10 15 9
16 20 7
22 23 6
1 2 7
0 1 9
3 3 5
18 20 9
23 0 10
3 5 4
7 9 4
20 21 4
3 4 2
22 2 2
20 21 6
4 7 9
9 11 6
16 16 6
1 3 7
19 21 10
14 14 7
12 15 7
13 15 5
12 15 5
0 4 6
2 5 4
15 14 1
11 13 3
16 19 1
9 10 2
23 0 8
5 8 2
21 23 8
16 18 3
5 7 2
18 19 9
22 23 7
13 16 7
2 3 4
21 22 1
22 22 4
13 14 7
20 22 8
12 13 7
17 17 1
14 15 6
1 4 2
3 4 8
12 11 5
7 9 10
22 23 1
8 9 3
1 3 5
4 6 1
12 14 3
22 22 6
17 17 2
3 6 8
7 8 5
22 1 7
11 13 7
0 2 3
7 10 6
7 8 7
4 6 7
13 16 4
11 13 10
13 14 3
1 4 2
13 16 3
15 16 7
0 2 5
12 15 8
19 21 1
2 4 10
