500 20
20 11 2 18 13 4 19 8 15 8 11 10 3 5 13 1 13 20 15 19 
0 1 12
5 7 11
16 18 4
9 12 13
18 19 16
18 17 13
5 7 15
0 1 1
9 12 18
9 8 20
9 11 12
21 21 19
16 17 9
7 7 17
4 5 13
8 10 12
6 9 15
4 6 14
23 1 12
5 7 16
6 7 9
9 10 9
4 6 17
14 18 7
3 6 10
9 11 17
1 1 8
16 17 1
18 19 10
14 17 9
0 4 5
17 19 10
5 8 5
19 22 3
21 23 7
1 3 15
13 15 8
20 23 19
0 1 11
18 21 9
18 21 5
20 23 10
1 3 3
13 15 20
7 9 18
14 15 2
17 17 7
14 16 3
2 3 6
21 22 17
14 16 2
18 19 8
3 5 10
23 2 17
23 0 17
2 4 14
0 2 10
11 15 10
6 6 14
21 23 8
7 11 9
23 1 13
18 20 13
15 17 1
3 5 9
14 14 5
22 0 20
5 5 4
11 14 8
0 3 13
18 18 19
7 8 16
17 19 10
17 18 9
6 8 9
17 19 5
9 10 6
5 9 17
22 0 18
9 9 16
21 0 5
7 8 13
19 21 15
2 2 6
10 14 3
7 8 3
0 3 18
11 12 5
6 7 12
10 13 14
14 14 14
7 8 10
18 20 2
8 9 12
10 14 12
13 15 7
9 11 6
18 20 4
22 23 14
13 16 1
22 23 19
12 14 16
20 0 11
3 6 5
17 22 13
12 15 10
18 20 3
20 21 8
10 12 3
6 6 18
3 4 15
15 17 10
13 16 16
7 9 20
21 0 5
10 11 4
18 20 7
1 2 8
5 7 11
8 11 18
5 8 9
21 21 5
8 11 1
11 14 3
1 3 11
18 19 14
15 16 16
6 7 2
14 17 3
8 9 12
2 4 12
14 16 18
5 8 20
8 9 18
11 12 3
9 10 4
22 0 3
15 18 7
9 10 8
8 12 20
12 14 13
17 19 15
8 11 17
22 0 17
12 15 2
19 20 3
9 12 8
4 5 12
16 20 8
6 7 16
10 10 19
20 22 4
20 23 12
21 0 5
0 3 5
6 8 14
23 0 17
4 7 2
9 11 5
2 5 17
14 15 8
14 17 11
16 18 13
18 20 7
13 14 16
17 19 16
1 3 6
5 7 7
22 1 10
4 6 6
23 3 15
19 22 13
4 5 8
8 11 8
11 14 11
14 14 4
20 21 8
21 0 17
16 16 4
17 20 11
9 10 15
14 16 2
19 21 6
10 13 10
23 2 12
2 2 18
23 0 19
4 7 19
22 22 1
5 8 11
2 4 3
18 21 13
21 22 8
17 19 11
10 13 10
9 11 20
11 13 14
12 14 17
19 20 10
18 20 9
6 7 17
22 1 19
2 3 11
3 6 10
0 2 10
4 6 3
1 1 2
9 10 14
8 9 13
21 23 4
17 19 2
9 13 10
18 20 3
0 2 10
14 17 11
20 0 5
12 13 9
14 16 20
16 18 3
11 11 4
6 6 19
18 20 7
16 17 6
3 5 20
2 3 17
23 0 11
0 1 12
2 4 2
7 10 20
9 11 18
3 5 8
17 19 15
12 16 5
21 22 2
22 23 13
21 1 20
19 19 9
1 3 16
17 20 17
16 19 11
14 17 17
2 3 6
19 21 7
8 10 2
11 12 5
11 14 15
11 12 8
12 14 19
22 0 2
4 4 18
9 12 4
10 12 10
23 2 14
16 17 2
16 17 9
5 6 5
10 12 10
9 11 7
10 12 1
0 2 3
5 7 15
11 12 4
4 7 11
7 10 19
6 7 17
14 15 10
12 12 7
12 14 10
4 5 13
16 18 16
5 7 3
18 20 6
15 18 6
16 17 1
23 1 8
7 10 15
19 20 4
23 23 14
3 3 2
21 0 5
10 10 4
20 22 3
15 17 18
18 19 8
17 17 9
12 13 4
0 2 5
6 7 11
19 21 4
18 19 19
5 4 13
12 14 6
0 3 14
6 8 15
2 4 18
5 7 4
17 18 1
19 22 11
8 11 5
8 12 13
2 5 13
20 21 7
10 12 11
13 17 12
9 11 13
2 4 18
8 10 2
3 7 16
6 8 12
20 23 12
12 16 18
17 18 15
4 6 15
8 9 12
18 20 20
1 4 2
3 3 8
16 18 3
5 6 3
5 7 11
22 2 4
1 4 3
8 11 6
0 2 20
11 14 19
12 14 13
6 9 10
16 18 7
20 23 6
20 23 15
8 11 8
2 6 20
5 9 13
2 3 6
16 16 4
13 15 5
1 2 12
4 7 5
5 7 11
3 6 20
19 20 20
3 4 4
23 1 2
20 21 15
0 2 2
10 12 14
14 15 4
16 18 10
12 14 5
3 5 3
9 11 5
1 4 17
19 23 9
6 8 15
11 14 17
22 23 11
8 9 6
16 18 1
12 13 6
5 5 20
5 7 15
6 9 1
0 2 16
6 9 19
11 13 7
3 4 9
17 18 3
11 12 1
19 22 4
20 20 3
9 11 18
3 5 12
10 12 17
17 19 19
21 22 12
10 12 12
4 8 5
23 2 12
1 3 4
13 15 20
20 22 18
1 4 15
15 17 17
4 5 3
16 17 6
12 15 14
15 18 4
17 19 1
20 21 18
2 5 6
0 2 11
13 17 6
20 22 13
18 20 4
7 8 9
2 4 11
3 6 18
9 11 8
16 18 13
17 18 5
8 9 3
11 14 20
22 1 5
0 2 12
3 4 18
11 13 11
14 17 3
21 0 17
9 11 1
5 7 11
4 5 18
13 15 20
5 7 2
9 10 6
21 0 8
12 15 9
0 4 9
9 10 19
0 3 5
13 16 3
0 3 7
17 18 5
17 17 19
22 23 1
4 8 14
9 12 11
23 1 14
8 9 17
16 18 13
20 22 1
1 2 17
18 19 5
19 22 6
8 11 1
6 9 16
6 7 17
20 20 2
14 18 3
2 2 4
11 13 12
3 5 10
9 11 11
16 16 1
21 22 15
3 6 16
17 20 11
0 2 18
0 4 18
7 9 9
15 17 5
20 21 8
8 10 15
6 7 6
14 15 2
17 21 1
1 2 20
1 3 20
7 8 19
9 11 6
2 4 12
1 2 18
15 17 5
12 13 3
6 9 12
11 12 17
10 12 6
2 5 16
1 2 15
17 20 15
15 16 12
13 16 9
21 23 9
7 10 15
19 19 4
22 0 1
6 9 16
19 21 19
9 11 1
17 18 4
19 20 8
23 0 19
17 18 14
20 20 8
9 10 3
5 9 1
3 5 19
20 22 7
7 9 20
10 13 19
16 16 15
3 6 3
16 16 6
22 0 15
23 2 6
19 22 6
11 12 12
17 20 8
14 16 17
21 0 10
15 17 19
