500 15
8 12 5 15 8 3 15 5 2 11 4 8 6 8 3 
19 21 9
8 11 5
0 3 1
14 15 13
11 14 1
6 6 2
15 16 10
13 15 14
1 2 14
6 9 4
21 22 10
14 16 11
10 11 2
4 6 13
8 10 6
12 13 13
15 17 15
3 5 1
17 20 6
21 22 7
3 5 3
15 17 2
7 9 2
14 16 2
11 12 10
7 10 2
20 22 2
14 17 8
17 19 12
17 18 13
15 16 2
10 12 12
3 4 9
23 1 14
8 10 9
11 12 5
20 21 3
20 23 14
8 9 7
19 22 3
10 15 5
17 21 11
17 20 14
11 13 6
8 10 3
7 8 5
21 0 6
17 17 1
17 19 12
12 13 3
16 19 2
18 20 15
10 11 2
21 23 11
20 20 7
20 22 10
8 9 11
11 13 14
0 2 7
16 17 8
5 7 5
17 19 12
22 0 2
11 13 10
20 23 13
6 5 10
18 19 12
11 13 1
17 20 5
1 2 12
4 6 13
16 18 6
12 14 2
9 11 4
22 23 15
18 21 5
22 0 4
6 7 13
16 18 8
9 11 1
8 10 4
3 2 14
12 14 6
16 19 6
21 0 8
12 14 9
19 21 2
1 5 9
18 19 9
22 2 3
11 13 2
17 20 2
5 4 13
2 4 12
7 9 2
18 19 4
15 18 13
4 5 6
16 19 2
1 3 3
5 7 8
22 1 13
8 10 2
6 9 3
8 11 5
8 11 13
3 5 11
6 8 10
7 9 6
22 1 9
13 17 5
7 10 9
2 3 6
9 10 11
7 8 13
14 16 2
11 12 5
2 5 10
13 16 3
17 21 5
20 22 2
23 2 1
13 15 6
15 17 6
20 22 3
15 15 1
18 19 14
9 12 14
15 16 5
23 2 5
19 21 10
18 21 9
22 1 14
2 5 1
17 18 9
20 21 13
12 13 13
1 2 3
15 16 15
15 18 12
20 1 9
6 7 9
16 18 12
16 19 4
18 20 9
17 19 7
4 7 15
5 6 8
5 5 14
1 4 15
10 12 3
4 6 12
7 10 1
1 4 10
13 16 9
1 3 12
13 15 10
21 0 4
22 0 11
8 11 8
13 15 2
19 21 4
22 2 4
5 8 3
12 13 7
8 10 11
5 6 5
20 22 3
7 9 7
4 7 12
5 8 2
5 5 1
9 10 9
2 4 9
14 15 4
9 11 15
11 14 10
20 22 10
2 5 8
23 1 9
0 1 14
13 16 10
15 17 7
3 5 11
22 23 15
5 6 1
2 4 4
3 5 4
6 8 11
2 6 6
20 22 2
9 10 8
6 7 7
16 19 9
5 8 7
3 4 10
9 10 2
7 10 1
19 21 8
15 18 10
7 10 8
18 21 1
11 14 9
3 6 6
16 17 11
14 17 9
11 14 13
21 23 12
20 22 8
17 19 6
11 11 1
8 9 10
0 2 9
7 8 6
15 16 8
22 0 9
6 9 2
0 3 14
11 13 12
15 16 8
11 13 9
20 23 4
20 21 1
13 15 8
21 22 10
14 17 5
15 17 3
8 10 11
14 15 15
7 9 4
9 11 3
12 13 14
20 22 9
16 17 1
13 14 9
22 1 14
14 15 6
23 1 7
10 12 13
5 9 7
12 13 15
2 4 12
8 10 14
13 16 3
15 18 14
18 19 14
20 21 7
8 10 4
1 3 15
6 8 11
4 5 3
1 3 8
2 4 13
15 15 7
2 3 3
16 19 12
7 8 2
7 9 2
8 10 8
18 21 8
17 19 12
20 23 4
7 7 10
2 4 15
5 10 4
0 2 7
3 7 5
8 10 8
3 5 2
14 16 11
17 18 13
1 3 2
12 13 11
16 18 15
5 7 2
18 21 5
1 4 13
4 4 6
6 7 11
21 1 13
4 8 14
22 0 9
2 4 1
18 19 3
22 2 5
2 4 13
7 10 7
22 22 13
14 16 2
14 16 2
20 23 3
9 12 3
20 22 1
14 16 5
16 16 11
2 3 9
0 1 9
21 22 1
7 9 8
12 12 2
5 6 10
12 13 3
2 5 10
2 6 11
18 20 14
10 13 4
19 20 9
7 10 11
1 2 5
13 16 9
14 17 6
22 1 6
17 19 3
6 8 9
15 17 15
4 5 3
14 17 1
4 6 8
22 0 6
0 2 3
11 13 7
22 0 12
1 0 1
13 15 7
4 5 8
11 14 14
22 1 7
0 3 15
18 21 7
13 14 3
2 4 11
7 8 8
14 16 2
23 1 4
3 4 8
19 21 15
13 13 4
2 3 2
12 14 2
16 18 11
9 11 14
18 20 8
20 22 5
1 3 5
7 9 12
12 14 10
14 15 7
18 20 15
14 15 13
9 11 4
3 5 5
6 9 8
14 16 9
11 11 12
20 20 14
22 0 8
17 19 14
17 20 4
7 10 4
15 18 5
14 16 7
5 7 1
14 16 10
5 10 5
17 19 1
6 8 3
0 1 1
19 20 9
11 14 5
12 15 6
18 20 7
16 18 3
12 14 12
1 2 4
18 20 15
22 1 11
17 19 1
0 1 5
9 9 6
11 13 6
3 6 12
13 13 4
20 20 6
13 14 15
5 8 7
2 4 10
9 12 1
4 2 13
16 19 4
5 6 9
20 21 13
11 13 2
7 10 13
16 17 12
1 5 9
17 19 7
0 1 1
9 12 5
1 2 3
1 3 3
17 18 5
0 2 9
15 17 5
9 12 10
2 4 13
20 23 10
5 9 15
12 16 7
22 23 8
20 23 11
10 12 14
16 16 8
16 18 3
11 13 7
18 19 3
21 23 11
19 20 1
10 13 11
16 17 11
8 9 9
17 19 14
4 7 12
22 0 10
15 17 13
3 6 10
15 18 5
22 22 4
13 17 14
16 18 7
14 17 13
10 11 14
14 14 9
14 18 15
17 21 11
19 21 8
11 14 10
11 12 9
16 18 12
5 8 9
1 4 9
8 10 11
20 22 12
8 10 14
13 14 2
20 0 6
11 14 10
15 19 15
23 23 7
2 5 1
17 18 10
6 7 1
4 5 6
23 2 8
10 13 3
9 11 2
19 21 6
5 9 7
19 19 1
11 14 14
0 2 7
0 0 1
1 2 15
17 18 13
17 18 6
14 17 10
4 7 5
2 3 10
1 4 15
21 23 12
15 18 6
9 11 12
8 10 1
20 20 13
15 18 9
3 4 8
16 17 4
3 4 6
18 20 7
1 2 6
11 12 5
4 7 6
22 0 9
15 17 15
22 22 10
1 3 8
3 4 8
16 18 6
0 3 5
18 19 9
23 2 11
20 20 9
13 15 15
15 18 12
2 3 6
11 13 4
20 23 12
20 23 14
2 3 7
12 13 9
2 6 10
