500 25
3 8 2 25 3 24 12 25 12 22 12 17 1 12 10 21 7 16 11 25 20 6 4 22 13 
9 10 19
17 20 13
16 16 18
12 14 6
15 17 7
15 17 19
1 4 14
3 4 19
19 22 16
13 17 25
16 18 6
3 6 24
15 18 9
9 11 10
17 21 9
14 17 14
14 15 11
1 2 16
7 9 8
7 9 7
14 15 14
9 12 6
20 22 10
12 13 17
20 23 9
1 5 23
7 9 13
3 5 5
14 15 17
0 0 24
17 20 1
9 13 13
17 18 19
18 20 22
10 12 2
20 0 6
16 18 17
10 12 24
21 23 11
2 2 24
18 19 23
5 7 19
9 11 25
11 12 9
2 5 23
1 3 16
5 7 15
1 3 15
6 10 21
20 23 7
16 19 19
5 7 21
3 6 13
1 3 24
7 8 23
18 19 22
1 3 10
12 14 13
6 9 10
14 17 14
4 6 14
17 20 23
18 21 3
19 22 2
6 8 14
18 20 9
6 7 16
2 5 5
10 11 17
19 21 23
5 7 8
9 13 10
8 11 24
14 17 23
9 11 8
2 4 2
18 21 14
14 15 12
19 22 20
23 1 19
13 16 11
1 3 10
23 2 25
16 19 15
8 9 5
17 21 12
23 2 22
13 14 20
10 14 15
9 10 23
9 10 1
9 12 11
3 6 8
3 4 14
14 14 15
21 0 19
10 12 4
0 3 2
1 5 20
21 22 17
9 11 15
16 18 1
21 23 24
18 20 12
19 21 12
2 5 18
3 5 21
21 1 17
5 8 22
13 14 6
21 0 12
11 13 7
12 12 2
7 12 21
5 4 9
19 22 13
13 15 10
17 18 11
6 8 19
18 20 18
20 22 10
13 15 3
13 15 4
13 15 25
10 11 14
0 3 8
0 3 6
11 13 8
11 12 15
10 12 14
11 11 21
3 4 18
10 11 16
0 1 8
16 19 12
16 18 14
0 1 25
12 16 21
21 0 10
22 23 25
13 15 11
14 15 14
15 16 12
15 17 19
14 14 6
22 0 13
5 6 7
23 2 7
19 21 10
2 3 5
19 21 15
14 16 16
5 8 17
20 21 9
21 23 24
9 10 16
12 15 20
23 1 15
15 15 2
15 17 10
5 8 18
12 14 17
2 4 24
15 17 24
13 14 21
7 9 17
9 12 20
10 12 17
5 7 8
4 7 2
2 4 17
16 18 15
8 10 21
14 18 11
13 15 11
12 15 19
4 6 16
10 12 14
8 10 5
4 5 10
12 13 4
10 14 24
4 6 24
11 11 19
8 12 1
10 14 10
22 1 13
10 12 22
6 10 23
12 12 5
3 3 13
17 17 21
14 16 17
7 9 6
23 1 14
9 11 2
11 12 19
18 18 10
17 18 19
8 9 25
4 5 5
5 6 10
9 12 1
20 21 8
7 10 3
6 9 25
22 0 1
18 20 18
23 1 20
9 12 17
23 0 14
21 1 20
19 21 12
17 20 15
17 19 6
17 19 12
18 21 5
17 20 14
7 9 22
9 10 2
4 5 2
20 22 22
4 5 20
19 20 4
4 5 2
2 5 18
8 9 3
15 17 22
12 13 12
13 15 15
16 18 12
16 18 14
10 12 11
23 2 17
7 9 17
13 13 5
22 23 19
11 13 12
4 6 11
4 5 11
23 2 8
12 14 9
1 2 2
17 20 25
13 17 15
14 17 25
19 21 2
22 2 20
19 22 10
15 18 23
8 11 16
9 12 9
11 15 5
9 10 16
11 13 5
5 8 18
8 9 8
9 12 15
21 23 15
8 9 20
6 8 9
13 15 10
9 12 25
13 16 20
18 21 7
20 23 11
5 9 25
22 23 3
21 21 14
23 23 12
4 8 15
18 20 9
4 6 13
3 6 2
9 11 20
0 3 19
0 2 10
0 1 17
17 19 10
20 23 14
7 10 1
5 7 13
12 16 14
0 2 2
19 22 3
22 23 15
18 20 11
6 10 1
23 1 23
14 16 8
3 4 13
15 17 15
15 15 15
0 3 7
11 11 11
0 1 21
13 15 7
15 18 1
18 19 22
12 12 8
18 21 5
14 18 21
0 1 13
12 15 13
4 5 15
16 21 16
1 4 8
14 17 11
3 6 24
21 23 4
12 13 12
23 1 23
20 23 20
8 10 1
22 0 13
13 15 11
17 22 23
2 3 10
14 17 3
7 7 7
6 11 19
10 12 4
13 14 25
15 17 9
19 21 3
9 10 21
13 16 19
19 21 10
2 4 12
21 0 18
23 0 9
17 20 18
12 14 14
0 2 25
3 6 2
1 3 21
11 12 23
3 4 21
12 14 2
9 12 24
7 10 23
5 6 5
6 7 10
11 13 13
17 20 1
19 22 2
14 16 23
3 5 3
19 21 19
23 1 5
5 7 23
6 9 23
16 19 11
13 14 15
0 1 18
19 20 7
9 11 7
16 19 4
20 23 5
19 21 6
0 4 20
12 14 11
19 22 10
6 8 23
23 2 14
21 23 3
1 3 24
22 0 14
2 1 11
22 22 9
1 3 7
22 1 24
5 8 5
20 21 5
7 9 21
22 1 17
9 10 1
13 16 18
22 1 14
15 15 17
9 11 5
14 15 24
21 23 22
20 20 25
23 2 14
14 16 2
16 18 11
7 9 7
3 3 20
14 15 3
21 22 22
4 5 9
11 14 21
7 9 13
23 1 3
16 19 25
22 0 16
1 4 23
4 6 1
18 21 5
10 13 5
0 3 19
23 0 15
1 2 21
18 21 2
2 4 22
11 12 11
13 15 22
14 16 10
3 4 18
9 11 4
2 4 14
0 3 17
7 9 25
4 5 5
16 18 22
15 19 12
1 3 25
3 6 15
20 0 18
16 19 20
17 17 7
18 19 21
1 3 19
1 4 12
12 13 11
19 21 9
20 22 21
14 17 18
17 20 25
9 12 12
14 17 5
23 0 8
9 10 14
15 17 25
10 11 8
0 3 8
7 8 14
16 18 18
10 13 23
19 22 5
12 14 6
12 13 7
4 9 23
6 8 24
17 18 19
5 6 10
6 8 11
21 23 7
8 12 14
16 19 19
10 13 18
6 9 18
1 3 13
5 6 22
6 10 3
22 1 18
21 22 11
23 2 12
2 5 24
6 6 25
18 23 19
6 8 2
21 0 16
3 5 8
7 8 5
6 8 10
22 0 16
10 12 24
7 9 23
4 6 24
14 16 2
6 8 11
22 22 10
15 18 22
21 22 11
17 19 1
4 4 13
12 15 14
7 9 23
1 3 3
6 8 7
20 22 3
20 22 5
12 14 5
18 19 4
12 16 14
6 8 18
12 13 19
6 9 8
11 12 25
0 2 21
4 6 5
16 18 12
9 12 23
22 1 17
7 9 15
11 12 25
7 9 17
19 21 5
